learner  n_seeds   gain     lo     hi  share_better      p   holm
    aw2       35 0.0295 0.0186 0.0411        0.8286 0.0001 0.0001
    aw8       35 0.0426 0.0297 0.0567        0.8000 0.0000 0.0000
   aw32       35 0.0474 0.0329 0.0640        0.7714 0.0000 0.0000
learner    aw2   aw32    aw8  baseline
budget                                
0        0.815  0.837  0.830     0.781
10       0.820  0.834  0.827     0.788
20       0.820  0.836  0.826     0.785
40       0.818  0.838  0.836     0.797
60       0.832  0.850  0.852     0.807
